$ 13 0.000005 10.20027730826997 50 5 50 5e-11
v 160 208 160 336 0 0 40 50 0 0 0.5
r 208 336 320 336 0 1000
r 384 336 512 336 0 500
r 560 336 640 336 0 200
r 640 288 640 192 0 100
r 592 160 480 160 0 50
r 400 160 288 160 0 2000
g 208 144 208 96 0 0
w 160 336 208 336 0
w 320 336 384 336 0
w 512 336 560 336 0
w 640 336 640 288 0
w 480 160 400 160 0
w 288 160 208 160 0
w 208 144 208 160 0
w 160 208 160 160 0
w 160 160 208 160 0
w 592 160 640 160 0
w 640 192 640 160 0
o 0 64 0 4099 80 0.05 0 2 0 3
o 9 64 0 4099 40 0.05 1 2 9 3
o 10 64 0 4099 40 0.05 2 2 10 3
o 11 64 0 4099 40 0.05 3 2 11 3
o 18 64 0 4099 40 0.05 4 2 18 3
o 12 64 0 4099 40 0.05 5 2 12 3
